8.98271e-05 7.95248e-05 0.999954
0.819968 0.0733703 0.106876
0.587362 0.16769 0.245192
0.214366 0.035677 0.749989
0.0341065 0.341003 0.62902
0.418469 0.0746182 0.507152
4.77163e-05 0.999938 0.000110403
0.0825286 0.765906 0.151607
0.0338426 0.56554 0.400647
0.999948 8.34606e-05 0.000107967
0.418469 0.0746182 0.507152
0.214366 0.035677 0.749989
0.587362 0.16769 0.245192
8.98271e-05 7.95248e-05 0.999954
0.819968 0.0733703 0.106876
0.0338426 0.56554 0.400647
4.77163e-05 0.999938 0.000110403
0.0341065 0.341003 0.62902
0.999948 8.34606e-05 0.000107967
0.0825286 0.765906 0.151607
0.999948 8.34606e-05 0.000107967
0.0338426 0.56554 0.400647
4.77163e-05 0.999938 0.000110403
0.214366 0.035677 0.749989
8.98271e-05 7.95248e-05 0.999954
0.0341065 0.341003 0.62902
0.0825286 0.765906 0.151607
0.819968 0.0733703 0.106876
0.587362 0.16769 0.245192
0.418469 0.0746182 0.507152
0.418469 0.0746182 0.507152
0.0825286 0.765906 0.151607
0.587362 0.16769 0.245192
0.999948 8.34606e-05 0.000107967
8.98271e-05 7.95248e-05 0.999954
0.0341065 0.341003 0.62902
4.77163e-05 0.999938 0.000110403
0.819968 0.0733703 0.106876
0.0338426 0.56554 0.400647
0.214366 0.035677 0.749989
0.0341065 0.341003 0.62902
0.418469 0.0746182 0.507152
0.0825286 0.765906 0.151607
4.77163e-05 0.999938 0.000110403
8.98271e-05 7.95248e-05 0.999954
0.999948 8.34606e-05 0.000107967
0.819968 0.0733703 0.106876
0.0338426 0.56554 0.400647
0.214366 0.035677 0.749989
0.587362 0.16769 0.245192
0.0341065 0.341003 0.62902
0.819968 0.0733703 0.106876
0.999948 8.34606e-05 0.000107967
0.418469 0.0746182 0.507152
0.214366 0.035677 0.749989
0.587362 0.16769 0.245192
0.0825286 0.765906 0.151607
4.77163e-05 0.999938 0.000110403
0.0338426 0.56554 0.400647
8.98271e-05 7.95248e-05 0.999954
8.98271e-05 7.95248e-05 0.999954
0.819968 0.0733703 0.106876
0.0338426 0.56554 0.400647
4.77163e-05 0.999938 0.000110403
0.214366 0.035677 0.749989
0.999948 8.34606e-05 0.000107967
0.418469 0.0746182 0.507152
0.0341065 0.341003 0.62902
0.0825286 0.765906 0.151607
0.587362 0.16769 0.245192
0.0341065 0.341003 0.62902
0.418469 0.0746182 0.507152
0.587362 0.16769 0.245192
0.214366 0.035677 0.749989
0.819968 0.0733703 0.106876
0.0338426 0.56554 0.400647
0.0825286 0.765906 0.151607
4.77163e-05 0.999938 0.000110403
0.999948 8.34606e-05 0.000107967
8.98271e-05 7.95248e-05 0.999954
8.98271e-05 7.95248e-05 0.999954
0.0338426 0.56554 0.400647
0.587362 0.16769 0.245192
0.999948 8.34606e-05 0.000107967
0.0825286 0.765906 0.151607
0.0341065 0.341003 0.62902
0.819968 0.0733703 0.106876
0.214366 0.035677 0.749989
4.77163e-05 0.999938 0.000110403
0.418469 0.0746182 0.507152
0.0338426 0.56554 0.400647
0.214366 0.035677 0.749989
0.418469 0.0746182 0.507152
0.0825286 0.765906 0.151607
8.98271e-05 7.95248e-05 0.999954
0.999948 8.34606e-05 0.000107967
4.77163e-05 0.999938 0.000110403
0.0341065 0.341003 0.62902
0.587362 0.16769 0.245192
0.819968 0.0733703 0.106876
